(3, 4, 5)
(5, 12, 13)
(6, 8, 10) --> (3, 4, 5)
(7, 24, 25)
(8, 15, 17)
(9, 12, 15) --> (3, 4, 5)
(9, 40, 41)
(10, 24, 26) --> (5, 12, 13)
(11, 60, 61)
(12, 16, 20) --> (3, 4, 5)
(12, 35, 37)
(13, 84, 85)
(14, 48, 50) --> (7, 24, 25)
(15, 20, 25) --> (3, 4, 5)
(15, 36, 39) --> (5, 12, 13)
(16, 30, 34) --> (8, 15, 17)
(16, 63, 65)
(18, 24, 30) --> (3, 4, 5)
(18, 80, 82) --> (9, 40, 41)
(20, 21, 29)
(20, 48, 52) --> (5, 12, 13)
(21, 28, 35) --> (3, 4, 5)
(21, 72, 75) --> (7, 24, 25)
(24, 32, 40) --> (3, 4, 5)
(24, 45, 51) --> (8, 15, 17)
(24, 70, 74) --> (12, 35, 37)
(25, 60, 65) --> (5, 12, 13)
(27, 36, 45) --> (3, 4, 5)
(28, 45, 53)
(28, 96, 100) --> (7, 24, 25)
(30, 40, 50) --> (3, 4, 5)
(30, 72, 78) --> (5, 12, 13)
(32, 60, 68) --> (8, 15, 17)
(33, 44, 55) --> (3, 4, 5)
(33, 56, 65)
(35, 84, 91) --> (5, 12, 13)
(36, 48, 60) --> (3, 4, 5)
(36, 77, 85)
(39, 52, 65) --> (3, 4, 5)
(39, 80, 89)
(40, 42, 58) --> (20, 21, 29)
(40, 75, 85) --> (8, 15, 17)
(42, 56, 70) --> (3, 4, 5)
(45, 60, 75) --> (3, 4, 5)
(48, 55, 73)
(48, 64, 80) --> (3, 4, 5)
(51, 68, 85) --> (3, 4, 5)
(54, 72, 90) --> (3, 4, 5)
(57, 76, 95) --> (3, 4, 5)
(60, 63, 87) --> (20, 21, 29)
(60, 80, 100) --> (3, 4, 5)
(65, 72, 97)